<<<<<<< HEAD
171
2 273 489
2 352 76
2 205 168
3 478 218 198
4 88 69 419 445
4 158 94 451 107
4 263 401 348 400
2 375 237
4 254 6 376 432
2 175 99
4 53 50 405 226
2 144 124
2 223 64
2 281 439
3 468 37 235
3 322 464 40
2 26 390
4 280 18 214 320
3 85 191 411
3 300 298 28
4 260 399 268 350
3 61 365 3
2 436 80
2 1 374
2 210 119
3 256 111 161
2 44 169
2 409 410
4 29 343 116 143
3 325 123 284
2 95 466
2 186 493
4 10 215 362 370
3 397 313 330
4 287 258 14 433
3 163 83 153
2 488 45
3 179 463 438
3 171 279 197
4 308 491 140 117
4 392 383 59 467
3 49 23 477
4 181 459 244 341
2 209 204
4 292 345 448 101
4 146 301 264 286
3 373 159 296
2 129 149
3 377 24 276
4 5 151 249 41
3 227 250 336
4 137 233 482 217
2 382 74
3 490 188 372
2 480 157
4 9 453 303 190
2 199 56
2 148 310
4 2 364 71 133
4 358 170 398 109
4 22 183 54 60
2 388 216
3 172 30 128
3 494 106 155
3 248 417 485
2 243 425
2 297 131
3 319 335 43
4 125 238 327 16
4 442 147 394 312
3 302 396 229
3 8 500 135
4 164 412 189 105
3 236 42 283
3 120 228 430
4 212 32 395 406
3 479 84 213
2 470 434
3 472 499 127
2 408 363
3 474 404 315
2 192 359
3 380 385 31
3 152 246 75
4 413 203 426 232
2 102 366
2 207 391
3 486 329 403
3 126 108 19
4 450 247 471 93
3 294 429 457
2 73 195
4 58 314 231 130
2 241 393
3 15 355 224
3 100 483 13
3 421 473 63
2 356 36
2 305 444
3 70 423 290
2 384 62
2 402 145
3 452 65 139
2 96 271
2 57 154
2 487 420
4 182 194 174 82
3 211 173 443
3 91 389 165
4 272 81 196 103
4 177 89 178 4
3 219 261 267
4 414 497 97 25
2 221 288
4 193 304 437 484
4 278 234 201 422
4 318 35 307 492
3 331 309 351
3 293 118 344
2 225 270
3 266 360 52
3 11 349 150
3 222 346 454
2 51 77
2 34 347
2 104 340
4 498 27 361 387
3 342 239 285
3 481 269 20
3 121 275 208
4 47 323 461 381
3 141 324 496
2 427 33
4 378 277 115 48
2 338 265
4 415 407 255 136
2 357 113
3 460 114 455
2 379 440
4 495 475 156 176
4 367 337 46 245
3 291 12 180
4 282 112 230 428
2 418 462
3 122 458 166
2 476 321
2 78 257
4 17 66 368 138
4 220 289 160 259
2 92 79
2 7 353
4 311 90 424 446
4 38 299 55 449
2 187 339
2 333 251
3 317 98 240
3 441 431 185
3 68 184 295
3 39 87 206
2 167 252
4 447 326 328 332
3 435 416 369
3 456 262 253
4 386 72 242 162
2 132 469
2 142 67
4 316 202 274 110
3 354 86 371
2 465 334
2 306 21
2 134 200
=======
1628
2 4615 208
2 9022 3346
4 5341 1509 6516 4905
3 27 8528 5164
3 8846 8060 3440
2 7291 7453
3 6976 5987 8569
2 7712 5693
2 2551 3548
2 3117 9272
2 9370 2621
3 5232 1480 3381
4 310 931 2331 6491
2 398 6495
2 5265 7858
3 9924 1519 3103
4 3756 7776 7468 8767
2 3676 5682
2 9598 2611
4 8976 207 3652 165
2 7550 6218
2 9388 7667
3 2626 6691 1872
3 5699 4636 1071
3 3041 2541 343
4 7376 9044 5837 5410
4 2674 4188 2526 194
3 5867 4252 7773
3 9359 6366 3937
4 4865 8009 1672 8393
2 8515 1118
4 3108 5196 4634 3284
2 1784 442
2 6689 4121
2 5568 6962
4 2283 8329 8591 3374
3 1973 4844 9260
3 1954 6543 5809
4 8642 2693 9212 134
4 1899 7322 8173 9321
4 5591 7599 5170 9393
4 9231 4366 9910 5801
2 5621 7847
2 4748 9306
3 6591 3008 3438
4 593 8833 5382 6430
4 1275 4992 3596 8960
2 2006 840
4 8719 1520 5990 9292
2 4889 9119
2 9161 3333
4 1248 8857 2991 9199
3 1806 8954 3866
3 5070 5 6198
2 5486 5732
2 391 6918
4 5479 2548 9757 6681
3 9293 8437 229
3 3443 5322 6685
4 1656 793 1495 1993
3 8895 3150 8966
3 1488 6007 8802
2 8866 5255
3 7778 4181 4678
4 5132 1610 2766 2161
4 8279 8104 2231 8305
2 3718 3519
3 6687 7231 6529
3 8160 8926 1886
3 260 5640 6496
4 327 6174 70 3326
3 4195 8971 4441
4 608 8832 9602 4531
3 4427 4163 6098
2 3565 3545
3 964 8974 5454
2 9737 2775
3 6755 9844 1174
4 304 8466 9501 7502
3 968 7657 9107
2 6168 9126
2 2349 4474
3 56 9428 276
2 3847 7755
4 333 6391 492 5134
3 5556 2445 5377
4 9837 3568 7010 4732
3 480 8034 8192
4 5417 3512 8753 2964
4 6708 7629 5660 6079
2 8661 1726
3 9816 9894 6820
3 3979 3620 462
3 6404 2306 277
3 7308 1084 6630
2 279 3569
3 4664 6631 6041
4 6576 9065 5782 5279
2 8286 2095
4 1255 6811 8869 3708
3 6791 7438 1795
2 4959 8995
3 9063 2828 5361
3 848 4575 1605
4 1492 9675 1674 7936
4 508 5928 2971 6438
3 7596 7921 3780
4 5869 6434 9264 3535
2 8390 2720
2 4049 3657
2 9526 2677
4 5249 8486 8283 4526
3 5390 649 7892
4 5611 3911 3244 9030
3 335 6004 9146
3 9690 1452 1348
2 3232 9612
2 8082 5205
4 2223 8460 8748 2381
3 5317 9254 4788
2 9096 8153
4 6719 2709 2872 5002
2 5646 7304
3 6136 7799 5448
3 1650 6445 9106
4 3864 8863 976 444
2 5352 180
4 6513 4499 563 258
2 8912 4592
4 8859 9825 468 7370
3 4214 8369 5968
2 699 7811
3 6899 1443 5302
4 19 9407 4955 1406
4 6603 981 7617 9477
2 5212 963
4 6297 1285 3870 3712
3 6845 6777 5814
2 355 4570
4 7135 1229 2082 8220
2 4394 1631
2 9958 4589
3 2260 1185 9609
4 5895 7186 1265 1033
2 8254 3298
2 5293 3679
2 7763 869
4 4303 7408 8363 9465
3 6273 2969 2127
3 2304 1479 9585
2 309 7908
3 3768 6498 5220
4 3123 5579 9891 278
4 7120 4080 3990 1667
4 1770 1554 5182 5797
4 6507 4794 250 2148
2 8035 4471
3 8711 7664 8449
2 4989 7990
4 3975 8413 2622 4101
4 373 2484 4493 9751
3 6395 4932 2036
4 7730 8023 4540 3325
3 6536 2924 9394
3 4027 5926 7933
2 8197 5463
4 3392 4702 1430 5674
3 4062 2730 7999
2 8170 3997
3 9051 6933 3636
4 7497 3865 2797 315
4 2379 1897 5391 67
3 9520 1690 7535
3 7127 2859 8212
3 8186 9614 4574
2 8331 6166
2 1530 8470
3 4630 6973 405
2 3134 2399
2 8490 1293
2 9880 3805
2 9778 5932
3 4496 1514 4648
3 7106 977 1318
3 9775 6338 2068
3 226 117 2758
3 3951 6075 1392
4 1083 3039 5269 8906
3 569 1829 7348
2 3180 2040
2 9371 2584
4 7414 7077 791 9802
2 3417 5566
4 9205 7286 7672 192
2 493 5612
2 859 6905
4 1807 539 8289 2408
4 1363 8500 9633 6756
3 4885 2043 4882
3 867 2158 5983
4 3208 6533 2257 7605
4 9097 9765 7117 5492
4 2048 4521 9918 8277
4 7603 939 4998 4069
3 6487 8407 9045
3 1301 2216 2902
2 8446 5523
2 5056 3023
2 5688 1668
2 845 5590
3 3817 6388 5639
2 6992 4853
3 2343 9916 2802
2 7998 7434
2 1566 7580
4 3740 3991 4913 8084
2 5793 8842
2 4595 7482
3 6252 2178 9425
4 1983 5808 2032 5892
4 7509 7378 1066 7016
2 8457 1024
3 1798 4935 6472
3 6659 3241 1943
4 7192 9584 1327 2252
3 8285 847 4000
3 7507 4446 7325
2 8243 9136
3 5435 710 4352
3 6829 3633 4482
2 9693 5845
3 7498 7887 6384
4 4812 7287 619 7716
4 6881 4145 3996 7481
2 581 4576
2 2858 8021
2 5520 6960
2 8272 7553
3 6295 8592 8867
3 6052 2392 9229
4 786 7352 5177 756
4 8901 4052 9160 8017
2 7505 4890
2 3758 2203
4 6941 5284 6699 7849
2 9688 2441
4 1846 2900 2963 6139
2 8549 81
3 7431 3466 3894
3 4761 2299 97
3 8982 8228 9036
2 2510 7985
2 2019 9545
4 6397 7707 5887 559
3 5828 7092 5420
4 6082 7822 4978 1373
4 2588 2592 497 4206
4 9742 5304 605 4029
4 2567 7404 7910 4429
3 5408 9692 1748
2 4199 5658
2 2531 7692
4 8940 8425 5197 9855
4 753 283 6707 1526
4 5277 637 3155 6663
4 412 3480 3611 4877
4 2131 5943 966 2617
4 5504 6621 2865 4440
3 6725 4825 6268
3 3398 2649 7770
3 4861 5188 1843
4 4725 2762 1751 1913
4 3955 6577 5087 4888
2 3700 1347
2 6776 2153
2 7677 2506
3 499 3253 9636
3 5980 9858 4550
3 1028 9932 2041
3 8296 6676 1911
3 9373 6310 7045
2 1075 3720
3 2566 2514 177
3 6694 8881 7959
4 1250 1145 8493 2606
3 1456 3391 6717
3 969 4616 8622
4 2096 2956 1218 7685
4 6334 4396 6403 2150
3 3413 5899 9996
3 3729 2152 3556
2 6234 6488
2 5771 9413
2 3021 9248
2 7066 3418
4 8222 2906 7012 5800
2 2961 7027
2 5474 9881
2 4714 7844
2 3629 2140
4 823 2974 9641 1188
3 8961 8044 3861
2 5903 1463
4 531 9308 4286 878
2 1019 9304
4 6785 4665 7581 4358
3 7357 409 52
3 4253 7365 8532
3 7868 4344 8307
3 8353 8650 5237
2 215 5191
4 5300 3460 5716 3697
2 6444 3154
2 9823 2769
4 2264 7248 1945 7545
3 2447 3320 1661
4 7056 9631 5711 1996
4 1092 8510 5960 9684
4 612 1476 4924 2809
2 8762 6926
2 7645 1354
3 962 6618 172
4 5246 8077 2976 8230
4 5641 1329 272 1893
3 4043 5052 8383
2 2613 2182
2 655 431
3 1730 4842 9834
3 1032 6571 7982
3 979 2386 5218
4 8371 9749 7894 9820
4 4979 6476 6106 5933
4 8988 1436 1137 6319
3 1132 8726 8561
2 6856 5243
3 3908 1045 8664
4 4505 2663 9515 4520
4 3943 7312 6573 6668
4 8007 4006 4018 9367
4 485 534 8618 4534
2 2901 1391
2 3627 3969
3 5647 4202 2129
2 3388 5086
2 907 2305
2 4461 392
2 2562 7649
2 9851 6475
4 3788 1816 9041 5355
2 8129 5862
2 8417 4597
4 4236 2937 8941 7594
4 8287 3370 298 6857
3 7288 6801 6029
3 9152 1723 1614
4 4903 3452 125 5879
2 2130 9697
4 2499 9447 7042 7055
2 5637 2501
4 7396 7680 708 4560
3 4583 7777 1268
3 6095 3763 203
4 7479 6361 2793 7576
2 437 2612
2 6211 5866
3 992 7311 9351
3 5941 2201 8131
4 3029 5015 998 2884
4 5079 174 2249 7359
2 1465 7972
2 3084 5969
3 4618 167 4104
3 3715 1194 7211
4 4290 4458 8347 8576
3 5305 6390 4484
3 6465 1434 401
2 1928 4226
2 6657 7788
4 7459 9274 5654 1292
4 15 803 204 2162
3 2400 325 163
4 9021 9964 6003 5857
2 1259 9764
4 8217 5373 6135 2168
3 3655 9593 8690
3 4996 441 1081
3 5123 5731 8651
4 9404 3471 2576 4009
3 1335 8813 330
3 8617 6874 5848
3 6596 9590 8943
2 6589 6747
2 7994 9157
4 5724 5443 7698 2370
2 4710 4370
4 2504 3878 9349 2088
4 8203 6421 3938 5861
3 6120 547 3372
2 9246 7160
4 5508 9938 3800 7050
4 8426 8374 749 4359
3 7790 2824 8025
4 3408 3564 6587 6846
2 6308 1558
4 1576 2728 5775 5319
2 1780 6036
2 1320 6187
2 4508 3221
2 4512 1336
4 7655 9993 1074 7075
2 9348 6633
2 650 4580
2 2345 505
2 1005 1574
2 4736 5785
4 4017 3580 4590 9412
2 7943 384
2 2738 5544
4 5043 2597 914 1966
3 8527 6650 7142
4 7392 3010 452 9939
4 2620 6194 7506 6583
3 8885 2683 982
3 6280 994 4880
3 4754 6396 6935
2 9752 4376
3 9389 7805 5617
2 7017 707
4 2226 8260 5050 2644
3 5481 1378 4642
4 3665 5062 7189 4958
2 577 6806
2 5384 6572
3 3905 234 9134
2 8218 6018
2 5605 4718
3 433 7403 7245
2 6318 6995
4 8635 231 6629 1297
2 4688 1471
4 9184 185 6743 2700
2 1675 3093
4 2495 2124 113 3919
3 8844 3206 3954
3 960 4047 7344
2 6266 6549
3 7118 9327 131
3 4945 3017 6946
3 1600 5029 7216
2 9317 6463
3 3716 9168 5178
3 5483 2787 5470
2 2133 1898
2 4172 5112
2 2898 484
3 4513 3151 5977
3 7772 6738 4759
3 6477 5022 5049
2 9883 1705
2 3165 7181
3 5143 683 186
3 5485 3887 8364
3 5701 6882 606
3 4014 7148 5627
4 6566 7905 4976 8399
3 5135 4442 9722
4 5838 8546 4133 4491
4 8270 2915 1058 3593
2 2271 9791
3 6429 8424 6124
4 2492 6131 2500 8790
3 5715 4982 5184
3 6893 8946 5534
3 4117 4516 6031
4 5085 2377 2077 8743
3 4444 2979 5769
2 8818 1645
4 9009 5738 3404 9285
3 8655 7146 8237
3 5755 1374 6088
4 6582 7906 3900 970
2 9763 9195
2 3988 2215
2 9019 2301
3 1040 1433 4046
3 6751 652 1451
2 8448 8660
2 282 7031
3 2988 4735 936
4 7631 5614 9182 2074
2 2573 3342
4 2602 8870 5439 4946
4 4705 5747 6784 7252
2 4770 6227
4 4834 1738 8505 5256
4 8893 9384 8647 7644
2 5551 9532
4 4855 765 2967 8717
2 1013 5422
4 7541 9288 6559 3869
2 5774 7637
2 3962 7853
4 7759 5290 6428 8814
2 5644 1300
4 6393 5741 3987 9561
4 891 7327 9216 9776
4 1193 9538 4149 3775
2 3 7682
4 6864 9179 6379 3957
4 6775 7196 9946 3018
3 3055 2376 2794
3 9439 5451 7190
4 1414 7814 4495 3547
3 3218 3479 8339
2 9942 8986
2 5500 6085
3 3915 6158 6386
3 676 7134 2982
2 8542 8303
3 4106 9056 6839
3 578 2110 8602
4 5369 6320 5103 6184
2 5080 5727
3 7816 3902 7317
4 4463 1527 6042 9269
2 2839 9944
2 1704 1217
4 3465 6592 9459 7787
4 6225 868 6718 3762
3 1017 4010 5756
2 5365 3972
2 8572 7693
4 1470 2708 8204 9755
2 8697 3994
2 7058 6620
3 2055 9417 3410
4 1588 9218 6735 7874
3 516 9759 3964
4 7382 6569 7141 9565
4 2348 6886 3124 3186
3 9322 5650 8952
3 3532 8464 4161
2 3037 1099
3 4124 7420 3606
4 2398 3119 2803 1060
3 8975 9566 230
3 3258 4968 4724
4 8378 2241 6712 9345
4 5137 68 184 293
4 4777 1696 4562 5985
4 2420 1230 4836 5683
4 8902 2887 3273 2005
3 7530 5992 9893
3 1086 8551 8740
2 6147 8666
2 7554 8335
4 1701 1838 8516 7214
2 9904 4973
3 822 4086 9302
4 5588 3646 3518 758
2 8738 4128
3 147 4795 6422
2 7598 6891
2 9999 5517
2 3603 1478
3 1970 6607 8792
3 1353 1548 7764
2 6304 9973
2 360 6606
2 6678 3594
4 6561 4750 5199 2627
4 1189 4603 6081 6550
4 2934 8514 7394 76
4 2912 1412 5358 8729
2 3661 4995
3 2103 2723 6287
3 6212 7049 3236
3 4675 2038 1167
3 4602 9481 1362
4 2820 8177 3551 2735
3 6642 1155 1949
2 4339 2680
4 1129 3376 3409 9523
3 5477 3840 7888
2 5404 4874
4 4640 1500 1965 8134
3 3516 5666 3292
4 4061 2323 1098 8041
2 2328 5563
3 4478 1749 7679
3 7843 7798 2638
4 9358 2752 9411 7477
2 5904 9934
4 4148 6508 3733 2939
2 9949 2629
2 4308 5954
2 9116 345
2 9610 428
2 5258 2009
2 4462 3193
2 2755 173
4 5037 858 5684 7410
4 5681 3730 4053 1073
2 4790 3844
4 9806 6453 2325 3543
4 8010 4644 9242 3033
4 9965 2465 4546 7928
4 6524 582 1617 4488
4 4154 9831 4039 2267
4 7119 6876 8580 7595
4 3703 39 5762 8256
4 3312 5962 5088 1231
4 5156 5836 5429 8330
4 9332 5418 573 8725
3 6813 8164 8103
2 2885 8799
2 1563 2459
3 4980 1594 9922
4 8199 781 3602 4519
4 8525 1990 7085 296
3 9360 18 3619
3 1499 8211 199
3 3432 4324 9191
2 4425 7340
3 5221 3436 9813
4 3022 579 6792 6902
2 4102 5524
2 5478 6734
3 2085 6479 1502
4 5707 9166 1831 3166
3 7226 4369 7963
2 3024 23
2 5314 5370
4 7760 5444 4034 9975
2 9562 890
3 3873 7385 5875
3 7051 6700 4131
2 5847 2669
4 3959 4561 6928 1326
3 7968 7600 1243
3 7569 8200 3617
2 3074 434
4 8079 530 535 8326
2 235 591
3 3197 6164 7696
4 6186 7345 2936 3389
4 4237 7452 8091 7388
4 1871 9312 9464 3301
4 7299 357 677 9761
3 5705 9283 3850
3 5286 1956 3698
2 1160 3893
2 4657 8578
4 905 7779 9176 1117
3 2823 1078 5067
4 6374 886 2659 4518
2 1435 9687
4 3517 5323 1262 2416
3 9037 1790 532
2 1394 5574
3 4331 1477 6202
2 2868 9117
4 2191 4040 5368 267
3 3834 5320 21
4 9279 6281 107 4281
3 8877 217 8980
4 2365 109 2102 7954
3 9048 55 3364
4 2954 4898 4993 71
3 1015 7915 8037
2 8075 5291
3 8590 715 4328
3 222 2556 915
3 3809 5423 6040
2 4524 9592
4 6274 2992 5633 9637
4 4797 3240 2788 5999
3 4190 2749 1325
4 9797 3113 3621 9746
4 9701 1346 7511 495
3 4773 9497 7980
3 4689 4772 2543
2 9125 3421
4 686 8054 4266 3289
2 7187 1107
4 2731 7036 7850 7546
4 8662 2831 3030 8019
2 9657 7384
3 5458 1985 2233
4 1154 3260 4382 4283
4 3807 4728 1852 6515
2 8616 3965
4 4891 5850 2100 8801
3 4756 5802 6855
2 5919 8016
3 3632 8189 4494
2 1670 9228
4 9015 1637 9334 4620
3 8442 2724 6449
4 6398 9794 6089 498
3 8831 7567 4320
2 3178 8693
4 8548 4594 3828 6987
4 8030 6744 4641 5735
4 4036 8803 8076 8996
3 8981 1085 9038
2 8773 3599
4 2565 1114 8984 8278
2 6342 2406
2 488 9772
4 8772 5827 1371 4045
4 635 9243 3379 8004
2 6894 1272
4 2796 6911 5501 2642
2 6501 6105
4 1481 1857 4380 711
4 3005 2295 8341 8213
4 1722 1166 7089 1388
4 5878 6565 3628 8775
3 3804 1120 4298
4 4392 3876 7178 2476
4 6078 8410 9149 1345
4 9902 3209 3249 3344
2 1585 3160
2 8695 378
4 1209 1356 4209 4146
2 6128 8358
4 1469 4465 5815 5339
2 5236 1204
3 4774 5261 7762
4 8033 6414 1745 4385
2 5217 4323
2 1796 3830
4 2651 5632 8586 5008
4 3464 4296 8615 1062
2 4743 2065
3 7473 5460 9325
2 7590 2172
4 2380 8587 9941 1797
3 8544 8239 6263
2 425 5193
3 6493 3525 5139
3 2615 4269 4346
3 143 2202 1525
4 564 692 2757 4991
4 5636 379 7182 787
3 9704 5868 6362
4 8535 402 1056 6373
3 8806 912 7588
2 8756 1890
2 4368 855
2 5986 1689
2 6966 9299
3 289 9475 6431
2 6311 866
4 9137 1781 8511 9644
2 4713 9660
4 139 1473 7758 1236
3 323 4312 7433
4 9419 947 1009 7082
2 2118 4118
4 8826 951 1105 5482
4 3293 2994 7893 9857
4 7046 331 4791 7227
2 5719 87
4 5213 8300 9848 2778
4 6637 3841 8276 3222
4 2999 1896 8167 9654
3 937 9138 3435
3 716 1715 5995
3 2366 3515 2285
3 9064 3926 6739
3 3896 4025 2046
3 6222 8310 1041
2 9069 7450
3 2115 3305 6116
2 1938 5235
4 440 1432 7670 9398
4 8777 4273 6823 816
3 4083 9542 1799
3 7907 6208 1054
3 8620 6350 2944
4 3673 7467 2614 2883
2 453 3575
2 1880 6352
4 5260 6191 511 9889
3 2442 4631 2425
2 9032 4074
3 1739 8871 266
2 1837 738
2 4751 7852
4 45 8932 1961 658
2 7007 7956
2 1866 5657
4 3400 9241 4033 2544
4 5678 400 4345 7300
3 5130 8121 3217
2 9642 6991
3 7875 6348 9224
3 4511 6904 6277
4 3736 259 1187 7411
4 4593 8760 9790 4481
2 7911 1135
3 5065 7188 9694
2 8110 7537
3 6553 3526 2664
2 1736 7939
3 1775 2125 714
2 3835 3625
4 774 6742 5489 8061
4 5653 388 2265 8829
2 4633 1910
3 3527 1516 5216
4 2023 8862 5669 371
4 6084 4831 8674 2679
2 4313 548
4 9861 7662 7525 6555
2 2313 5450
3 9244 920 5362
4 1560 7035 7335 7561
3 6392 8741 2508
2 5166 6454
4 9712 7953 4292 4787
4 3816 6526 3808 2141
3 9899 3981 6626
2 3507 2008
4 504 121 5754 9461
2 3791 4314
4 4656 8038 7446 9004
3 7952 8068 3821
4 6614 4818 9256 4208
2 8699 3141
3 4869 5630 8480
2 680 2910
3 8176 889 464
2 104 7955
4 1931 896 9984 8439
2 9793 997
4 1980 9239 9518 7687
3 427 6716 9486
4 8467 337 6023 8372
2 5651 4775
3 7128 6009 3263
2 9740 5852
2 1251 3488
2 9017 5661
4 6929 5794 7369 9801
2 7989 8229
2 6101 7086
2 2829 2282
3 9078 1820 5576
2 8810 7689
4 3407 5396 9969 6863
4 5810 4156 8523 3508
3 7491 2874 2093
4 362 7881 4098 8840
4 4428 6197 4238 5685
4 1240 1341 3052 2925
3 4011 3446 1950
4 9408 4663 6728 8872
3 7243 4218 5351
4 4876 4178 7642 3985
3 7044 8118 4407
4 7848 5575 1847 7267
3 3563 1590 4504
4 5975 5421 85 7524
4 8638 7573 6440 5267
2 3278 7436
4 628 9729 6417 9671
3 7417 5211 2870
4 1223 4035 694 1698
3 7543 8809 3751
2 9703 540
3 5541 8072 1702
4 1125 7528 4315 4274
4 5406 6056 4225 8201
3 1294 175 2946
4 1699 247 3195 4964
4 1068 9271 7421 6249
2 2933 1044
2 17 919
4 2631 2254 9213 8824
4 2496 4960 6303 8843
4 8138 8317 1022 346
4 1131 503 7200 4416
2 788 3309
3 897 6958 6537
3 4310 7133 1047
2 3931 8915
3 3691 129 2952
2 3390 436
2 9331 8962
3 4347 7520 91
3 6930 4459 4566
4 1387 8909 1557 5779
2 909 9380
2 4934 5993
4 2670 2745 1115 9390
2 1048 7380
4 6860 4041 122 7974
2 2209 3106
2 8736 136
3 5851 2333 3126
3 1122 1485 5679
3 811 7613 639
3 8957 6279 5725
2 4796 4659
4 3013 9739 4563 2438
3 2473 9382 9877
4 9403 3184 2808 4063
4 9750 8993 8735 933
2 4569 8081
2 4468 40
4 9484 653 8350 7191
4 8595 4908 1020 5859
3 6160 162 902
2 2099 3396
2 9185 7792
2 5308 7418
2 8475 6760
3 3135 4669 5081
4 6061 9766 3721 4419
4 3614 9324 4785 3291
4 2086 7439 9402 1626
3 1355 1684 2563
4 2020 6943 8905 5766
4 1632 8949 826 2467
3 6123 9153 4363
3 6541 8985 1201
4 1716 7483 426 5018
4 5535 5394 8386 263
4 7969 454 3566 2292
4 1571 743 6251 3200
2 3414 6012
2 2217 910
2 8095 2955
3 1728 9956 2564
4 8967 520 7244 4141
4 9208 3692 1634 2418
4 2455 108 6127 7062
3 7402 9847 2550
3 3895 5772 218
2 6099 238
3 2246 2052 6662
2 7556 4947
3 3351 5502 9680
4 4746 8601 351 7971
3 4066 9716 9502
4 863 2980 8481 8366
3 2905 669 1472
2 1039 3728
2 5686 5706
3 8495 6439 7650
2 3939 5561
2 5773 8553
3 5510 2830 115
4 8488 5121 338 5998
3 5750 62 7794
3 5288 2198 1664
4 8839 9378 2598 4099
3 9719 9071 9534
2 7023 5241
4 4091 3612 8770 713
3 5372 1283 2763
2 2947 5181
2 9454 4830
2 59 3285
2 9543 3942
2 1821 8373
3 393 160 195
2 654 901
4 3898 5966 4170 7962
4 8609 1710 4388 6060
3 4682 3637 9679
4 3600 7864 193 7437
2 5005 145
3 2205 5734 7967
2 6039 565
2 103 5007
3 9854 3668 5464
3 6732 4487 5841
3 561 5624 2346
3 8301 1306 8370
4 985 8419 2244 4567
4 8109 16 3270 825
2 8889 3693
3 4500 4914 3584
2 1064 873
2 7109 4003
4 228 4401 3651 5041
3 4535 6451 5356
3 3660 688 9632
4 8631 5555 5299 2200
2 7367 2711
4 9429 58 2863 7097
2 3554 6275
4 1517 7195 2503 5469
2 3076 6799
3 2798 3610 295
3 3015 9580 5398
3 9295 4510 6025
2 2648 8781
3 3862 5920 212
2 6749 8432
3 6628 7108 8491
2 3269 1072
4 219 1958 4241 2923
4 7932 7785 5514 6774
4 3753 8015 5580 2258
3 6228 4167 8882
2 789 6433
2 6627 7132
2 6519 8299
2 3423 2972
3 9783 9192 7303
4 3425 4605 3966 9014
3 4536 9914 2743
3 157 7116 3739
3 7489 4990 5625
2 7022 8663
4 6032 3114 6804 2415
3 4090 6897 2419
3 8643 5913 1989
2 5025 6435
2 2358 6871
4 2030 4832 1298 6585
2 7876 8701
4 1697 5643 3776 4138
2 6523 6969
4 1489 2853 8533 6196
2 8099 3737
4 8388 6482 9897 1429
2 9101 2943
4 1067 5332 1922 2123
4 3489 7647 3445 1627
4 5028 6981 9553 6730
3 2737 9799 734
4 1947 1381 2765 288
4 2513 2527 155 4698
4 4676 3967 2025 8428
3 8817 4326 8537
2 2073 3970
3 7387 5626 1917
2 4782 9649
4 354 8018 6539 2643
2 3357 3782
4 2569 3450 8816 8683
2 5839 9169
2 2192 4171
3 4307 3360 3321
2 6674 8704
4 1960 5601 2498 5437
2 9479 7703
3 1237 2033 1542
4 3307 3820 9255 6568
3 8119 7926 1437
2 5692 5872
4 6645 4780 6214 1380
3 4020 7665 1793
4 1415 663 4467 4859
4 9686 8845 8968 4012
4 7914 6058 7950 6986
2 1835 2989
4 7346 580 9163 8737
2 8959 2330
2 6307 7654
3 449 1845 1016
4 2210 1750 3399 1238
2 2840 7904
2 1767 6656
3 5935 9866 8346
2 9652 8133
2 2881 2704
4 2633 9391 630 8759
2 313 5303
2 8384 2931
2 1269 5988
3 2918 455 5051
2 5714 6458
4 9744 4001 1984 9817
3 7671 2494 631
2 4257 1256
2 4186 807
4 3881 780 5426 6988
3 1328 9548 5538
3 5082 3956 6644
3 2250 3087 7827
3 8670 4837 7310
2 574 8705
4 4987 6229 1302 5306
3 1136 661 42
3 8379 7987 2986
4 1422 800 9800 9506
4 227 5846 2186 2456
4 3810 2266 8438 6203
3 6349 9076 2942
3 4858 7121 2272
4 5938 5229 634 2532
3 249 3560 8468
3 3120 9745 1027
3 2109 5240 1608
4 8354 8055 1447 4793
3 9619 4282 5721
4 7570 8266 2396 4967
4 7026 6114 7466 8904
4 3159 189 2822 3164
4 2519 6921 4781 7529
3 928 6545 1801
2 2970 4082
2 1951 6955
3 1914 3315 2624
3 1885 4661 5533
2 7568 8860
3 2004 7851 8956
3 9998 2072 8588
2 5459 4860
2 5111 6394
4 5798 4430 4600 8739
2 3228 3382
2 35 3157
3 879 5656 1343
4 5100 6378 794 6288
4 4318 3275 3934 1417
3 5329 9222 8291
3 2151 5697 3829
2 6122 3297
3 4716 9582 3316
2 5301 2619
2 9173 6809
4 1156 4008 9418 9976
3 3858 7257 3100
2 3918 4285
4 8231 1214 5168 533
2 9720 5307
4 1042 78 3047 1501
4 7591 7949 1794 3944
3 4841 4210 6581
2 3854 7476
4 159 423 1457 3806
2 4379 3308
3 2463 2837 6727
4 3498 9204 5078 3940
4 8322 3262 4056 8565
2 9132 359
4 5530 5528 777 8406
2 5597 7676
4 8838 4514 9087 7526
2 5924 7069
4 9158 940 7316 1330
2 8040 2275
4 8360 3393 562 8594
4 872 1830 2965 7619
3 8888 4961 148
3 8209 3073 3365
3 383 860 2596
4 742 5594 8182 8794
2 2453 5956
2 4986 6861
3 9066 5923 9736
3 9640 7859 7364
3 7539 6282 3299
2 6534 3719
4 6144 1834 2277 7872
4 124 7544 1789 1593
3 1146 9187 4434
4 6100 1398 6798 1130
3 1036 7157 2817
3 9695 9571 5812
3 8671 7209 8093
3 3176 2654 1106
3 3923 1490 4059
2 5053 6978
4 2699 7078 8469 8710
3 4132 4150 5570
2 925 3530
4 3550 9721 1842 7228
2 4598 3932
4 7863 7586 7686 2384
4 5059 9058 248 4588
3 7373 6698 717
2 6609 2308
3 8161 725 4912
3 9189 5511 1658
2 1763 8494
3 6655 7164 2712
2 6907 6965
3 723 7855 28
4 528 2927 1496 8135
4 705 4284 1622 7330
4 1803 1579 6180 317
4 1665 6335 3470 2003
3 7838 6954 1051
4 271 4050 6750 3027
2 3205 5385
3 8447 7597 3394
4 9505 8765 9926 3403
3 4975 3823 2695
3 1070 9366 12
4 5405 5315 6217 668
2 3492 3960
4 5414 5599 2761 5349
2 7865 1854
3 7564 7965 9533
3 1856 9410 2342
3 1562 2084 9581
2 3185 7678
2 2740 2587
2 4002 8918
4 1541 7741 7634 2834
2 7454 4974
4 57 2218 3590 4929
2 66 671
2 9563 8150
3 5312 2521 8112
3 2113 4868 6424
3 457 6150 9507
2 8965 1177
4 4234 8387 2546 9809
4 1528 4933 8403 6418
4 9685 1384 1713 6333
2 5947 3066
3 3570 9028 4758
3 1337 3595 63
3 3732 2935 123
3 5409 7710 9508
2 9193 5964
3 6967 8247 1752
3 8327 754 4489
3 8786 2714 8628
4 3214 2279 8111 6593
3 7577 2688 3764
4 4485 9456 5629 6224
2 1864 7966
4 965 2146 2062 8597
4 2098 3277 4685 1968
3 3043 7156 8686
3 8064 8496 2605
3 6112 3211 6387
2 5642 6664
4 4227 9252 7975 8148
3 9824 8917 1261
3 2658 1969 3234
2 2547 8482
3 5338 9773 6932
3 4555 7885 1043
3 4400 5136 5996
4 7123 5376 4483 660
2 4639 3710
2 1266 8681
4 7563 8263 4927 1284
4 2734 3678 7073 347
3 3129 2426 4265
3 8894 154 2242
4 1127 5084 514 1497
2 3384 3412
3 7071 1087 4875
3 4321 5348 6601
2 6880 3500
4 3663 8811 3672 5748
3 1687 1559 5613
3 6173 2388 1444
4 5652 3319 3656 8221
3 975 7014 7801
2 8180 7832
4 5026 2229 9948 2395
2 5615 9530
3 954 3060 8328
4 3769 810 7882 783
4 9339 6788 9026 1848
3 1403 7158 4060
3 6045 5172 6599
3 1654 1369 6108
4 9711 4937 5532 5606
4 105 2807 4028 6185
4 3688 5010 5619 8685
4 6658 6837 3250 79
3 2535 2429 877
3 7628 4395 9537
3 1170 945 7492
4 7871 3411 8059 9715
2 8232 9754
2 7681 4081
3 657 9603 261
4 1555 8691 3681 9142
4 9267 3913 2397 1919
3 4239 2753 4451
2 5214 1410
4 3950 2462 6278 4399
2 7981 1635
3 3112 1213 2332
3 5447 6884 6054
3 7870 6432 1673
3 6803 7648 4805
3 8669 9709 8465
4 2816 7614 4568 5668
4 5148 1008 7684 8065
2 5565 6462
4 5309 1313 6938 8841
3 8703 5044 6505
4 2337 3475 7903 6651
4 8969 935 841 1573
4 1247 5583 7873 673
2 3111 8755
4 8130 4930 206 3497
3 7615 8117 9387
2 7208 9635
4 233 6019 7296 9503
2 5978 9287
2 9630 6703
4 3116 4509 4393 5138
3 210 8938 3616
4 7337 2439 836 8547
2 8251 3447
2 9643 171
4 500 6471 478 952
4 2486 4201 36 9068
3 5313 4280 5994
2 2478 6030
3 3279 4558 9135
2 2350 8939
4 8157 9864 9653 7813
3 5884 2449 1126
3 9140 7015 8032
4 7151 9560 7626 1003
3 3541 2640 9310
3 2554 3802 421
3 8308 3245 4293
2 8259 4165
3 2263 4944 5712
4 3634 1811 1389 666
4 7620 4051 5268 3592
4 5791 600 1428 1788
2 9323 8571
4 4833 7751 3049 6865
3 6672 627 8769
2 1649 8751
2 1253 757
2 5106 5518
2 2681 875
4 399 6162 7114 7101
4 7636 7102 7579 8240
2 806 4730
3 6562 5473 8022
4 6233 8337 2289 8584
4 595 3369 3757 5151
2 3598 2135
3 3879 892 9691
2 9731 9822
4 5596 1655 8031 3132
2 2391 4126
2 9154 2655
2 7458 2470
3 2281 6833 8348
3 4350 491 3216
4 6337 938 5158 1402
3 9856 1552 3355
3 1881 5545 2430
2 1271 4731
4 2782 8433 2057 4408
4 8858 9551 8649 2781
3 9198 8979 2458
4 2389 4109 4372 4542
2 1309 2957
3 2026 7749 6375
4 13 8698 9726 2827
2 9707 3813
2 4970 6542
4 8487 4224 3483 2929
2 3499 3385
3 7765 6220 2862
3 4941 2751 820
3 6260 4529 6381
4 9340 2460 2029 5257
2 2063 2893
2 8284 6547
2 1766 1754
2 6974 6466
4 2539 7638 5367 5521
3 7072 2702 3481
2 6399 9033
2 4057 924
3 2268 1679 9326
3 5817 1206 6413
2 6705 9646
2 7828 332
3 6321 899 6376
2 2826 5855
3 6232 2274 6643
4 7461 4645 8636 302
4 2846 6420 387 1375
3 8702 7566 291
4 2981 7496 2940 1011
4 3406 6161 1304 2322
4 9936 1826 8039 9982
2 2777 7697
3 4666 6849 9511
3 9012 5403 6456
2 4707 8436
4 7901 2628 8783 7264
2 7946 5891
3 7169 9887 4691
4 2869 2222 3079 5607
3 4650 10000 2119
3 8834 4626 424
3 7519 2344 2012
4 6875 8219 2662 7704
3 643 8763 4333
2 61 2044
2 5546 5342
3 5030 5428 320
3 1091 8318 1153
2 9103 8048
3 9708 644 7547
2 2618 4849
4 3741 515 502 2748
2 8700 3852
4 429 3402 5114 3998
2 6787 3456
2 549 9330
3 1546 641 1352
4 1219 3071 767 5965
3 6810 6808 1761
4 5840 6972 5064 870
2 1952 5321
4 2516 3011 1809 7918
4 5021 5475 7161 5559
4 7110 4969 4031 8923
3 1942 640 8789
2 205 418
2 200 7274
3 4552 4708 3907
3 3107 8835 3845
4 599 9677 3286 150
3 5550 1653 5364
2 6059 3684
2 9862 3677
4 1511 6721 9108 9940
2 4994 6711
4 7503 9282 4749 7184
2 3020 6714
4 2873 8570 4230 3031
4 4026 3001 7643 382
3 1765 830 9747
3 4454 9268 7230
4 1691 5908 8405 6205
4 1707 9786 3702 1930
4 8116 9898 3203 6142
4 1338 9458 1096 6427
3 9405 3009 1305
3 4862 1804 3699
4 202 4966 1657 5595
2 5620 6859
2 1692 7991
3 1513 2338 646
2 5189 5281
4 7126 6090 696 306
3 3989 1057 2311
4 5073 4193 7993 7218
4 2993 2321 1163 9024
3 3587 4926 4798
3 2838 7705 5201
2 8788 4120
2 1832 1508
2 5531 9203
4 1774 2770 887 7796
3 7958 4852 4747
3 4219 5737 3314
4 20 9000 8934 766
4 4883 7791 7395 6847
3 9151 2138 4816
4 4985 3439 176 8395
4 7234 5967 1659 8796
2 4386 7052
3 8264 9085 404
2 4734 7533
3 4289 9013 8058
4 6092 9042 6223 8529
3 9796 7880 4700
2 9156 3995
2 1712 3109
4 2361 7522 8541 9355
3 7948 4139 6869
2 5917 5345
3 6247 2978 7429
2 1937 9992
4 9451 8795 8519 3801
3 522 9627 7302
3 2984 5515 986
2 3794 8994
3 2637 2320 7630
2 2696 6906
2 6006 1331
2 9145 2169
4 6470 8850 8886 3139
3 4229 2199 9557
3 8210 6468 2616
4 1644 6179 4660 5914
3 6356 5326 7238
2 3441 3237
4 2509 126 4653 5608
3 5659 8513 7493
3 2278 3461 7025
4 201 7279 9531 5507
3 7336 8365 7752
3 1725 9281 9086
4 3930 4211 7393 1246
4 512 1445 6155 7273
3 4632 6548 1273
3 1052 9521 7748
4 5696 8223 9867 5901
4 6522 9314 5412 726
3 2431 9490 1113
2 1814 799
4 7040 9599 178 4723
4 1827 4581 6026 9558
3 5247 882 6154
2 5832 9202
3 523 7389 7167
4 6226 763 7407 829
3 4242 3982 8715
4 6299 2860 2195 4997
2 6511 8823
4 6945 524 9100 2284
3 6409 9985 2021
3 4456 5161 1619
4 7029 5034 8415 9514
2 5461 2914
4 6190 959 1926 4200
2 2960 9792
2 3427 3558
4 6795 475 7877 709
4 6447 519 5174 8508
2 5963 5155
3 750 4906 8953
3 8714 489 2433
4 411 6510 733 5765
3 5906 3220 7177
3 1133 4336 8306
4 1404 3709 884 837
3 8696 1211 2746
3 556 9846 1870
2 3171 7743
4 2657 6140 367 2489
4 2064 7937 771 2211
4 1280 1787 2071 8550
3 8253 1934 9083
2 6779 9273
4 4420 6236 2014 5824
2 9226 682
3 8014 9297 5215
4 1143 6021 9600 2302
4 5325 6908 4577 7094
3 7641 6947 6764
4 8646 5476 7480 1123
3 7099 9144 5729
4 7739 2359 1718 5557
4 3350 7079 4254 6276
3 9074 5858 8518
4 6688 601 5700 471
4 4695 1532 6971 2916
3 2608 8539 8908
4 3115 2297 7474 7276
4 3992 2363 460 9656
3 9091 7441 898
4 1625 7583 4527 6033
4 3304 5573 759 7413
4 5467 9121 6457 9361
4 3839 1192 2811 1148
3 6778 3738 5186
3 6050 9650 4240
4 7584 9470 990 305
3 6416 1241 3613
3 6586 3912 5843
3 948 2505 1215
4 9415 2227 6551 7830
3 6898 4921 2481
4 6782 967 6240 9079
4 3874 5206 2079 7173
3 6103 9236 6984
4 140 8418 6853 1991
4 6619 5430 8852 5618
3 406 7162 521
4 8517 3722 6892 2785
4 3486 1361 5675 2917
3 1181 5945 4503
3 1426 8295 3669
3 5512 7460 6540
3 9055 9827 5198
4 32 3582 5378 8154
4 9354 4800 2747 8193
4 3148 3618 396 8179
3 5890 9882 5058
4 1646 2968 9667 7895
4 4198 1065 3654 4940
3 161 8451 7419
4 9105 5885 9616 6065
4 4872 2804 768 3888
4 5180 782 4300 5634
4 9435 2886 1203 8171
4 9329 3062 8207 5160
4 2507 1638 1449 618
4 6383 6478 7733 814
4 4573 3779 741 3348
4 5672 1438 9054 9724
4 5670 6176 2985 7006
4 1743 4922 827 6195
4 5807 158 9787 1822
4 9807 8861 4864 8504
4 9434 4711 2639 4578
4 6713 8499 8924 8543
4 7471 9682 5210 7210
4 2742 8692 1483 5736
4 2145 2524 2926 7285
4 8345 1512 6043 2815
4 1004 9095 4596 6323
4 9227 4854 5795 5667
4 8682 8454 1939 1226
4 3901 3267 8821 7727
4 819 3735 7836 6883
4 2248 4329 3792 6584
4 3092 1719 3274 8489
4 9839 8024 6998 5816
4 956 9298 8820 9626
4 4196 8538 7143 3181
4 7091 842 5698 3472
4 5335 9865 8673 9352
4 4637 5539 1988 4122
4 772 1316 5776 3077
>>>>>>> 0568b0271e129f33495ed5e83f34dc38518ac36e
